class_weights: [0.001, 0.001, 0.32464997, 1.26816394, 0.08436849, 0.94374991, 0.3145833, 0.1676911, 0.41836336, 2.53632787, 0.47742642, 1.93244028, 1.09679043, 1.06792753, 2.38713212, 3.12163431, 2.13585505, 1.09679043, 3.12163431, 0.21358551, 1.]
use_dbscan: true
dbscan_eps: 0.5
dbscan_min_points: 1
# use_NMS: false